(gdb) x/20wx 0x5561dc78
0x5561dc78:	0xfac7c748	0x6859b997	0x004018fa	0x000000c3
0x5561dc88:	0x00000000	0x00000000	0x00000000	0x00000000
0x5561dc98:	0x00000000	0x00000000	0x55586000	0x00000000
0x5561dca8:	0x00000009	0x00000000	0x00401f24	0x00000000
0x5561dcb8:	0x00000000	0x00000000	0xf4f4f4f4	0xf4f4f4f4
(gdb) nexti 2
0x0000000000401916	73	in visible.c
(gdb) x/20wx 0x5561dc78
0x5561dc78:	0xdb734d00	0xffcb56d9	0x00606010	0x00000000
0x5561dc88:	0x55685fe8	0x00000000	0x00000003	0x00000000
0x5561dc98:	0x00401916	0x00000000	0x55586000	0x00000000
0x5561dca8:	0x00000009	0x00000000	0x00401f24	0x00000000
0x5561dcb8:	0x00000000	0x00000000	0xf4f4f4f4	0xf4f4f4f4


48 c7 c7 18 f3 60 55 68 6e 19 40 00 c3 00 00 00 
00 00 00 00 00 00 00 00 00 00 00 00 00 00 00 00 
34 35 33 37 34 66 65 65 d8 f2 60 55 00 00 00 00 
09 00 00 00 00 00 00 00 94 1f 40 00 00 00 00 00 
34 35 33 37 34 66 65 65


48 c7 c7 ee 4f 37 45 68 60 18 40 00 c3 00 00 00
00 00 00 00 00 00 00 00 00 00 00 00 00 00 00 00 
00 00 00 00 00 00 00 00 d8 f2 60 55





48 c7 c7 fa 97 b9 59 68 fa 18 40 00 c3 00 00 00 
00 00 00 00 00 00 00 00 00 00 00 00 00 00 00 00
35 39 62 39 39 37 66 61 78 dc 61 55 00 00 00 00
00 00 00 09	00 00 00 00	00 40 1f 24	00 00 00 00
35 39 62 39 39 37 66 61

48 c7 c7 18 f3 60 55 68 6e 19 40 00 c3 00 00 00 00 00 00 00 00 00 00 00 00 00 00 00 00 00 00 00 34 35 33 37 34 66 65 65 d8 f2 60 55 00 00 00 00 09 00 00 00 00 00 00 00 94 1f 40 00 00 00 00 00 34 35 33 37 34 66 65 65



